0,0,11
0,1,2
0,2,5
0,3,15
0,4,16
0,5,12
0,6,7
0,8,13
0,11,10
1,1,13
1,4,15
1,6,5
1,8,1
1,10,14
1,12,2
1,13,16
2,1,16
2,3,9
2,4,11
2,5,10
2,7,2
2,9,5
2,12,14
2,14,7
3,0,4
3,2,12
3,4,8
3,11,16
3,13,10
4,1,9
4,3,11
4,5,15
4,6,4
4,8,3
4,9,6
4,15,7
5,0,6
5,2,8
5,4,10
5,5,13
5,7,16
5,10,11
5,12,15
5,14,9
6,1,3
6,6,2
6,8,15
6,13,13
6,15,1
7,0,16
7,3,2
7,4,3
7,5,1
7,7,5
7,9,14
7,11,8
8,1,6
8,2,16
8,4,13
8,5,4
8,6,11
8,14,12
9,0,14
9,2,10
9,3,3
9,5,7
9,8,5
9,10,16
9,12,9
9,15,15
10,0,15
10,2,11
10,4,1
10,7,9
10,9,2
10,11,3
10,13,4
11,0,13
11,4,14
11,5,16
11,6,8
11,10,4
11,12,10
12,0,2
12,2,4
12,3,16
12,5,14
12,11,12
12,14,5
13,1,12
13,3,13
13,7,1
13,10,10
13,13,3
13,15,8
14,0,8
14,2,9
14,4,4
14,6,3
14,9,7
14,12,11
14,14,13
15,1,5
15,3,14
15,7,11
15,10,1
15,11,6
15,15,10
